0.006667	50.000000	-0.153298
0.013333	50.000000	0.214617
0.020000	50.000000	1.246821
0.026667	50.000000	2.718477
0.033333	50.000000	4.568269
0.040000	50.000000	6.765534
0.046667	50.000000	9.044559
0.053333	50.000000	11.548419
0.060000	50.000000	14.205578
0.066667	50.000000	16.760538
0.073333	50.000000	19.223520
0.080000	50.000000	21.574083
0.086667	50.000000	23.720248
0.093333	50.000000	25.753997
0.100000	50.000000	27.665107
0.106667	50.000000	29.392261
0.113333	50.000000	31.017214
0.120000	50.000000	32.539971
0.126667	50.000000	33.858330
0.133333	50.000000	35.105151
0.140000	50.000000	36.259992
0.146667	50.000000	37.281976
0.153333	50.000000	38.222203
0.160000	50.000000	39.111330
0.166667	50.000000	39.888035
0.173333	50.000000	40.613644
0.180000	50.000000	41.277934
0.186667	50.000000	41.870685
0.193333	50.000000	42.422558
0.200000	50.000000	42.943769
0.206667	50.000000	43.383220
0.213333	50.000000	43.792014
0.220000	50.000000	44.170150
0.226667	50.000000	44.497183
0.233333	50.000000	44.793559
0.240000	50.000000	45.059274
0.246667	50.000000	45.304553
0.253333	50.000000	45.519167
0.260000	50.000000	45.733786
0.266667	50.000000	45.917743
0.273333	50.000000	46.081258
0.280000	50.000000	46.244776
0.286667	50.000000	46.500273
0.293333	50.000000	46.857966
0.300000	50.000000	47.236099
0.306667	50.000000	47.522257
0.313333	50.000000	47.736872
0.320000	50.000000	47.900390
0.326667	50.000000	48.012808
0.333333	50.000000	48.104787
0.340000	50.000000	48.155887
0.346666	50.000000	48.186547
0.353333	50.000000	48.227426
0.360000	50.000000	48.390944
0.366666	50.000000	48.625998
0.373333	50.000000	48.871274
0.380000	50.000000	49.034792
0.386666	50.000000	49.126771
0.393333	50.000000	49.167649
0.400000	50.000000	49.167649
0.406666	50.000000	49.167649
0.413333	50.000000	49.167649
0.420000	50.000000	49.167649
0.426666	50.000000	49.167649
0.433333	50.000000	49.167649
0.440000	50.000000	49.167649
0.446666	50.000000	49.167649
0.453333	50.000000	49.167649
0.460000	50.000000	49.167649
0.466666	50.000000	49.167649
0.473333	50.000000	49.167649
0.480000	50.000000	49.167649
0.486666	50.000000	49.167649
0.493333	50.000000	49.167649
0.500000	50.000000	49.167649
0.506666	50.000000	49.167649
0.513333	-50.000000	49.167649
0.520000	-50.000000	48.298966
0.526666	-50.000000	46.183458
0.533333	-50.000000	43.045966
0.540000	-50.000000	39.162426
0.546666	-50.000000	34.941632
0.553333	-50.000000	30.393806
0.560000	-50.000000	25.590480
0.566666	-50.000000	20.930232
0.573333	-50.000000	16.157567
0.580000	-50.000000	11.599518
0.586666	-50.000000	7.429823
0.593333	-50.000000	3.392987
0.600000	-50.000000	-0.572311
0.606666	-50.000000	-4.067496
0.613333	-50.000000	-7.450264
0.620000	-50.000000	-10.649073
0.626666	-50.000000	-13.510629
0.633333	-50.000000	-16.188226
0.640000	-50.000000	-18.681869
0.646666	-50.000000	-20.889353
0.653333	-50.000000	-22.933321
0.660000	-50.000000	-24.803552
0.666666	-50.000000	-26.459166
0.673333	-50.000000	-27.930822
0.680000	-50.000000	-29.300282
0.686666	-50.000000	-30.506224
0.693333	-50.000000	-31.742823
0.700000	-50.000000	-32.979425
0.706666	-50.000000	-34.134267
0.713333	-50.000000	-35.207351
0.719999	-50.000000	-36.116913
0.726666	-50.000000	-36.852743
0.733333	-50.000000	-37.568134
0.739999	-50.000000	-38.303960
0.746666	-50.000000	-39.019351
0.753333	-50.000000	-39.714299
0.759999	-50.000000	-40.460347
0.766666	-50.000000	-41.063319
0.773333	-50.000000	-41.686728
0.779999	-50.000000	-42.279479
0.786666	-50.000000	-42.831351
0.793333	-50.000000	-43.352563
0.799999	-50.000000	-43.843114
0.806666	-50.000000	-44.292786
0.813333	-50.000000	-44.711801
0.819999	-50.000000	-45.110374
0.826666	-50.000000	-45.468067
0.833333	-50.000000	-45.805325
0.839999	-50.000000	-46.111918
0.846666	-50.000000	-46.387855
0.853333	-50.000000	-46.653570
0.859999	-50.000000	-46.888627
0.866666	-50.000000	-47.103242
0.873333	-50.000000	-47.297421
0.879999	-50.000000	-47.471157
0.886666	-50.000000	-47.624454
0.893333	-50.000000	-47.757314
0.899999	-50.000000	-47.879951
0.906666	-50.000000	-47.992369
0.913333	-50.000000	-48.094569
0.919999	-50.000000	-48.186547
0.926666	-50.000000	-48.268305
0.933333	-50.000000	-48.339844
0.939999	-50.000000	-48.401162
0.946666	-50.000000	-48.462480
0.953333	-50.000000	-48.513580
0.959999	-50.000000	-48.564680
0.966666	-50.000000	-48.605559
0.973333	-50.000000	-48.625998
0.979999	-50.000000	-48.646438
0.986666	-50.000000	-48.656659
0.993333	-50.000000	-48.666877
0.999999	-50.000000	-48.666877
1.006666	-50.000000	-48.677098
1.013333	-50.000000	-48.677098
1.019999	50.000000	-48.677098
1.026666	50.000000	-47.920829
1.033333	50.000000	-45.887082
1.039999	50.000000	-42.872230
1.046666	50.000000	-39.285066
1.053333	50.000000	-35.166469
1.059999	50.000000	-30.649299
1.066666	50.000000	-26.019713
1.073333	50.000000	-21.185729
1.079999	50.000000	-16.259766
1.086666	50.000000	-11.630178
1.093333	50.000000	-7.082349
1.099999	50.000000	-2.698038
1.106666	50.000000	2.391443
1.113333	50.000000	6.264762
1.119999	50.000000	9.954124
1.126666	50.000000	13.265353
1.133332	50.000000	16.382403
1.139999	50.000000	19.305279
1.146666	50.000000	21.911337
1.153332	50.000000	24.333439
1.159999	50.000000	26.581804
1.166666	50.000000	28.574674
1.173332	50.000000	30.424463
1.179999	50.000000	32.120959
1.186666	50.000000	33.613055
1.193332	50.000000	34.982511
1.199999	50.000000	36.229335
1.206666	50.000000	37.333076
1.213332	50.000000	38.334621
1.219999	50.000000	39.264627
1.226666	50.000000	40.082214
1.233332	50.000000	40.818040
1.239999	50.000000	41.512992
1.246666	50.000000	42.105743
1.253332	50.000000	42.657612
1.259999	50.000000	43.168606
1.266666	50.000000	43.608057
1.273332	50.000000	44.016850
1.279999	50.000000	44.384765
1.286666	50.000000	44.711801
1.293332	50.000000	45.008177
1.299999	50.000000	45.263670
1.306666	50.000000	45.488510
1.313332	50.000000	45.703125
1.319999	50.000000	45.887082
1.326666	50.000000	46.050600
1.333332	50.000000	46.285655
1.339999	50.000000	46.633130
1.346666	50.000000	47.021485
1.353332	50.000000	47.328078
1.359999	50.000000	47.552918
1.366666	50.000000	47.726654
1.373332	50.000000	47.859511
1.379999	50.000000	47.951490
1.386666	50.000000	48.023029
1.393332	50.000000	48.074129
1.399999	50.000000	48.115008
1.406666	50.000000	48.237644
1.413332	50.000000	48.472702
1.419999	50.000000	48.758856
1.426666	50.000000	48.973474
1.433332	50.000000	49.116553
1.439999	50.000000	49.188089
1.446666	50.000000	49.228971
1.453332	50.000000	49.228971
1.459999	50.000000	49.228971
1.466666	50.000000	49.228971
1.473332	50.000000	49.228971
1.479999	50.000000	49.228971
1.486665	50.000000	49.228971
1.493332	50.000000	49.228971
1.499999	50.000000	49.228971
1.506665	50.000000	49.228971
1.513332	50.000000	49.228971
1.519999	-50.000000	49.228971
1.526665	-50.000000	48.442041
1.533332	-50.000000	46.295876
1.539999	-50.000000	43.127727
1.546665	-50.000000	39.366823
1.553332	-50.000000	35.115372
1.559999	-50.000000	30.475563
1.566665	-50.000000	25.856195
1.573332	-50.000000	21.124409
1.579999	-50.000000	16.382403
1.586665	-50.000000	11.957213
1.593332	-50.000000	7.664880
1.599999	-50.000000	3.515625
1.606665	-50.000000	-1.308139
1.613332	-50.000000	-4.946403
1.619999	-50.000000	-8.390489
1.626665	-50.000000	-11.487100
1.633332	-50.000000	-14.389535
1.639999	-50.000000	-17.108012
1.646665	-50.000000	-19.509676
1.653332	-50.000000	-21.727380
1.659999	-50.000000	-23.771348
1.666665	-50.000000	-25.559820
1.673332	-50.000000	-27.194994
1.679999	-50.000000	-28.656431
1.686665	-50.000000	-29.923691
1.693332	-50.000000	-31.068314
1.699999	-50.000000	-32.223156
1.706665	-50.000000	-33.326897
1.713332	-50.000000	-34.440860
1.719999	-50.000000	-35.534384
1.726665	-50.000000	-36.484828
1.733332	-50.000000	-37.292198
1.739999	-50.000000	-37.946267
1.746665	-50.000000	-38.569675
1.753332	-50.000000	-39.213526
1.759999	-50.000000	-39.949356
1.766665	-50.000000	-40.491007
1.773332	-50.000000	-41.114416
1.779999	-50.000000	-41.717388
1.786665	-50.000000	-42.269257
1.793332	-50.000000	-42.810909
1.799999	-50.000000	-43.332124
1.806665	-50.000000	-43.802235
1.813332	-50.000000	-44.251908
1.819999	-50.000000	-44.681141
1.826665	-50.000000	-45.059274
1.833332	-50.000000	-45.416971
1.839998	-50.000000	-45.764443
1.846665	-50.000000	-46.060818
1.853332	-50.000000	-46.346976
1.859998	-50.000000	-46.612691
1.866665	-50.000000	-46.847748
1.873332	-50.000000	-47.062363
1.879998	-50.000000	-47.266760
1.886665	-50.000000	-47.440496
1.893332	-50.000000	-47.593796
1.899998	-50.000000	-47.747093
1.906665	-50.000000	-47.869733
1.913332	-50.000000	-47.982151
1.919998	-50.000000	-48.084347
1.926665	-50.000000	-48.176326
1.933332	-50.000000	-48.268305
1.939998	-50.000000	-48.339844
1.946665	-50.000000	-48.411384
1.953332	-50.000000	-48.472702
1.959998	-50.000000	-48.523802
1.966665	-50.000000	-48.574902
1.973332	-50.000000	-48.615780
1.979998	-50.000000	-48.636220
1.986665	-50.000000	-48.656659
1.993332	-50.000000	-48.677098
1.999998	-50.000000	-48.687320
2.006665	-50.000000	-48.687320
2.013332	-50.000000	-48.687320
2.019998	-50.000000	-48.687320
2.026665	50.000000	-48.687320
2.033332	50.000000	-47.920829
2.039998	50.000000	-45.825764
2.046665	50.000000	-42.892669
2.053332	50.000000	-39.244187
2.059998	50.000000	-35.074490
2.066665	50.000000	-30.679960
2.073332	50.000000	-25.999274
2.079998	50.000000	-21.011991
2.086665	50.000000	-16.321085
2.093332	50.000000	-11.609739
2.099998	50.000000	-7.000590
2.106665	50.000000	-2.718477
2.113332	50.000000	2.473201
2.119998	50.000000	6.428279
2.126665	50.000000	9.995003
2.133332	50.000000	13.377771
2.139998	50.000000	16.545922
2.146665	50.000000	19.387036
2.153332	50.000000	22.033975
2.159998	50.000000	24.548057
2.166665	50.000000	26.694222
2.173331	50.000000	28.717752
2.179998	50.000000	30.587981
2.186665	50.000000	32.243595
2.193331	50.000000	33.756134
2.199998	50.000000	35.146029
2.206665	50.000000	36.362192
2.213331	50.000000	37.465934
2.219998	50.000000	38.487918
2.226665	50.000000	39.387263
2.233331	50.000000	40.194632
2.239998	50.000000	40.961119
2.246665	50.000000	41.604970
2.253331	50.000000	42.207939
2.259998	50.000000	42.759812
2.266665	50.000000	43.250363
2.273331	50.000000	43.689817
2.279998	50.000000	44.098611
2.286665	50.000000	44.446083
2.293331	50.000000	44.762898
2.299998	50.000000	45.059274
2.306665	50.000000	45.304553
2.313331	50.000000	45.529389
2.319998	50.000000	45.733786
2.326665	50.000000	45.907522
2.333331	50.000000	46.142579
2.339998	50.000000	46.490051
2.346665	50.000000	46.898845
2.353331	50.000000	47.256542
2.359998	50.000000	47.522257
2.366665	50.000000	47.726654
2.373331	50.000000	47.869733
2.379998	50.000000	47.982151
2.386665	50.000000	48.063908
2.393331	50.000000	48.115008
2.399998	50.000000	48.145665
2.406665	50.000000	48.247865
2.413331	50.000000	48.452262
2.419998	50.000000	48.738417
2.426665	50.000000	48.973474
2.433331	50.000000	49.126771
2.439998	50.000000	49.228971
2.446665	50.000000	49.269850
2.453331	50.000000	49.280068
2.459998	50.000000	49.280068
2.466665	50.000000	49.280068
2.473331	50.000000	49.280068
2.479998	50.000000	49.280068
2.486665	50.000000	49.280068
2.493331	50.000000	49.280068
2.499998	50.000000	49.280068
2.506665	50.000000	49.280068
2.513331	50.000000	49.280068
2.519998	50.000000	49.280068
2.526664	-50.000000	49.280068
2.533331	-50.000000	48.472702
2.539998	-50.000000	46.275437
2.546664	-50.000000	43.189045
2.553331	-50.000000	39.377045
2.559998	-50.000000	34.951854
2.566664	-50.000000	30.557320
2.573331	-50.000000	25.876634
2.579998	-50.000000	21.063091
2.586664	-50.000000	16.453943
2.593331	-50.000000	11.957213
2.599998	-50.000000	7.613781
2.606664	-50.000000	3.587164
2.613331	-50.000000	-1.553416
2.619998	-50.000000	-5.242778
2.626664	-50.000000	-8.594886
2.633331	-50.000000	-11.732376
2.639998	-50.000000	-14.747229
2.646664	-50.000000	-17.312409
2.653331	-50.000000	-19.744731
2.659998	-50.000000	-21.993096
2.666664	-50.000000	-23.965525
2.673331	-50.000000	-25.784657
2.679998	-50.000000	-27.430052
2.686664	-50.000000	-28.850610
2.693331	-50.000000	-30.128087
2.699998	-50.000000	-31.272711
2.706664	-50.000000	-32.386674
2.713331	-50.000000	-33.490415
2.719998	-50.000000	-34.624818
2.726664	-50.000000	-35.657023
2.733331	-50.000000	-36.617686
2.739998	-50.000000	-37.425055
2.746664	-50.000000	-38.058685
2.753331	-50.000000	-38.682093
2.759998	-50.000000	-39.325945
2.766664	-50.000000	-39.949356
2.773331	-50.000000	-40.582986
2.779998	-50.000000	-41.196177
2.786664	-50.000000	-41.788928
2.793331	-50.000000	-42.340797
2.799998	-50.000000	-42.882448
2.806664	-50.000000	-43.383220
2.813331	-50.000000	-43.853335
2.819998	-50.000000	-44.303008
2.826664	-50.000000	-44.722019
2.833331	-50.000000	-45.100156
2.839998	-50.000000	-45.468067
2.846664	-50.000000	-45.795104
2.853331	-50.000000	-46.101697
2.859998	-50.000000	-46.387855
2.866664	-50.000000	-46.643352
2.873331	-50.000000	-46.878406
2.879997	-50.000000	-47.093024
2.886664	-50.000000	-47.287199
2.893331	-50.000000	-47.471157
2.899997	-50.000000	-47.634675
2.906664	-50.000000	-47.767532
2.913331	-50.000000	-47.900390
2.919997	-50.000000	-48.012808
2.926664	-50.000000	-48.115008
2.933331	-50.000000	-48.206987
2.939997	-50.000000	-48.288744
2.946664	-50.000000	-48.360284
2.953331	-50.000000	-48.431823
2.959997	-50.000000	-48.493141
2.966664	-50.000000	-48.544241
2.973331	-50.000000	-48.605559
2.979997	-50.000000	-48.646438
2.986664	-50.000000	-48.687320
2.993331	-50.000000	-48.728199
2.999997	-50.000000	-48.758856
3.006664	-50.000000	-48.779295
3.013331	-50.000000	-48.789517
3.019997	-50.000000	-48.789517
3.026664	-50.000000	-48.789517
3.033331	50.000000	-48.789517
3.039997	50.000000	-47.982151
3.046664	50.000000	-45.938182
3.053331	50.000000	-42.974427
3.059997	50.000000	-39.264627
3.066664	50.000000	-35.207351
3.073331	50.000000	-30.771939
3.079997	50.000000	-26.009494
3.086664	50.000000	-21.236827
3.093331	50.000000	-16.402843
3.099997	50.000000	-11.619958
3.106664	50.000000	-7.143668
3.113331	50.000000	-2.800236
3.119997	50.000000	2.667378
3.126664	50.000000	6.499818
3.133331	50.000000	10.138081
3.139997	50.000000	13.561728
3.146664	50.000000	16.648120
3.153331	50.000000	19.530115
3.159997	50.000000	22.217933
3.166664	50.000000	24.609375
3.173331	50.000000	26.827081
3.179997	50.000000	28.891488
3.186664	50.000000	30.700399
3.193331	50.000000	32.366234
3.199997	50.000000	33.899209
3.206664	50.000000	35.238008
3.213331	50.000000	36.464389
3.219997	50.000000	37.578352
3.226664	50.000000	38.559457
3.233330	50.000000	39.469023
3.239997	50.000000	40.286611
3.246664	50.000000	41.012219
3.253330	50.000000	41.676506
3.259997	50.000000	42.279479
3.266664	50.000000	42.810909
3.273330	50.000000	43.301463
3.279997	50.000000	43.740917
3.286664	50.000000	44.129268
3.293330	50.000000	44.486965
3.299997	50.000000	44.803780
3.306664	50.000000	45.079716
3.313330	50.000000	45.335210
3.319997	50.000000	45.549828
3.326664	50.000000	45.744004
3.333330	50.000000	45.927961
3.339997	50.000000	46.183458
3.346664	50.000000	46.530934
3.353330	50.000000	46.949945
3.359997	50.000000	47.297421
3.366664	50.000000	47.552918
3.373330	50.000000	47.747093
3.379997	50.000000	47.890172
3.386664	50.000000	48.002590
3.393330	50.000000	48.074129
3.399997	50.000000	48.125226
3.406664	50.000000	48.145665
3.413330	50.000000	48.268305
3.419997	50.000000	48.472702
3.426664	50.000000	48.758856
3.433330	50.000000	48.983692
3.439997	50.000000	49.136992
3.446664	50.000000	49.228971
3.453330	50.000000	49.269850
3.459997	50.000000	49.269850
3.466664	50.000000	49.269850
3.473330	50.000000	49.269850
3.479997	50.000000	49.269850
3.486664	50.000000	49.269850
3.493330	50.000000	49.269850
3.499997	50.000000	49.269850
3.506664	50.000000	49.269850
3.513330	50.000000	49.269850
3.519997	50.000000	49.269850
3.526664	50.000000	49.269850
3.533330	-50.000000	49.269850
3.539997	-50.000000	48.442041
3.546664	-50.000000	46.306094
3.553330	-50.000000	43.178824
3.559997	-50.000000	39.295284
3.566664	-50.000000	35.105151
3.573330	-50.000000	30.567542
3.579997	-50.000000	25.805097
3.586663	-50.000000	21.144848
3.593330	-50.000000	16.443723
3.599997	-50.000000	11.803915
3.606663	-50.000000	7.491143
3.613330	-50.000000	3.341888
3.619997	-50.000000	-1.655614
3.626663	-50.000000	-5.283657
3.633330	-50.000000	-8.717523
3.639997	-50.000000	-11.946993
3.646663	-50.000000	-14.839208
3.653330	-50.000000	-17.527025
3.659997	-50.000000	-20.020668
3.666663	-50.000000	-22.217933
3.673330	-50.000000	-24.241462
3.679997	-50.000000	-26.091253
3.686663	-50.000000	-27.685547
3.693330	-50.000000	-29.126546
3.699997	-50.000000	-30.414245
3.706663	-50.000000	-31.517986
3.713330	-50.000000	-32.580849
3.719997	-50.000000	-33.674373
3.726663	-50.000000	-34.716796
3.733330	-50.000000	-35.749002
3.739997	-50.000000	-36.760765
3.746663	-50.000000	-37.639670
3.753330	-50.000000	-38.355060
3.759997	-50.000000	-38.937590
3.766663	-50.000000	-39.489463
3.773330	-50.000000	-40.082214
3.779997	-50.000000	-40.685183
3.786663	-50.000000	-41.257495
3.793330	-50.000000	-41.819585
3.799997	-50.000000	-42.381676
3.806663	-50.000000	-42.882448
3.813330	-50.000000	-43.373002
3.819997	-50.000000	-43.853335
3.826663	-50.000000	-44.282568
3.833330	-50.000000	-44.701580
3.839997	-50.000000	-45.089934
3.846663	-50.000000	-45.437410
3.853330	-50.000000	-45.774664
3.859997	-50.000000	-46.081258
3.866663	-50.000000	-46.367415
3.873330	-50.000000	-46.622912
3.879997	-50.000000	-46.868188
3.886663	-50.000000	-47.082803
3.893330	-50.000000	-47.276981
3.899997	-50.000000	-47.460939
3.906663	-50.000000	-47.614236
3.913330	-50.000000	-47.757314
3.919997	-50.000000	-47.890172
3.926663	-50.000000	-48.002590
3.933330	-50.000000	-48.104787
3.939996	-50.000000	-48.196765
3.946663	-50.000000	-48.288744
3.953330	-50.000000	-48.360284
3.959996	-50.000000	-48.442041
3.966663	-50.000000	-48.503362
3.973330	-50.000000	-48.564680
3.979996	-50.000000	-48.605559
3.986663	-50.000000	-48.625998
3.993330	-50.000000	-48.646438
3.999996	-50.000000	-48.666877
4.006663	-50.000000	-48.666877
4.013330	-50.000000	-48.666877
4.019997	-50.000000	-48.666877
4.026663	-50.000000	-48.666877
4.033330	-50.000000	-48.666877
4.039997	50.000000	-48.666877
4.046663	50.000000	-47.951490
4.053330	50.000000	-45.938182
4.059997	50.000000	-42.943769
4.066663	50.000000	-39.377045
4.073330	50.000000	-35.299329
4.079997	50.000000	-30.802599
4.086663	50.000000	-26.213890
4.093330	50.000000	-21.390126
4.099997	50.000000	-16.494821
4.106663	50.000000	-11.844795
4.113330	50.000000	-7.307186
4.119997	50.000000	-2.810456
4.126663	50.000000	2.207486
4.133330	50.000000	6.111465
4.139997	50.000000	9.821266
4.146663	50.000000	13.173374
4.153330	50.000000	16.310864
4.159997	50.000000	19.264398
4.166663	50.000000	21.901118
4.173330	50.000000	24.353880
4.179996	50.000000	26.632904
4.186663	50.000000	28.656431
4.193330	50.000000	30.516442
4.199996	50.000000	32.264034
4.206663	50.000000	33.735691
4.213330	50.000000	35.115372
4.219996	50.000000	36.372410
4.226663	50.000000	37.476155
4.233330	50.000000	38.487918
4.239996	50.000000	39.407702
4.246663	50.000000	40.225289
4.253330	50.000000	40.961119
4.259996	50.000000	41.635628
4.266663	50.000000	42.238600
4.273330	50.000000	42.780251
4.279996	50.000000	43.281024
4.286663	50.000000	43.710257
4.293330	50.000000	44.108829
4.299996	50.000000	44.466526
4.306663	50.000000	44.783341
4.313330	50.000000	45.069495
4.319996	50.000000	45.324992
4.326663	50.000000	45.539607
4.333330	50.000000	45.733786
4.339996	50.000000	45.917743
4.346663	50.000000	46.163019
4.353330	50.000000	46.510491
4.359996	50.000000	46.949945
4.366663	50.000000	47.287199
4.373330	50.000000	47.542696
4.379996	50.000000	47.747093
4.386663	50.000000	47.879951
4.393330	50.000000	47.992369
4.399996	50.000000	48.074129
4.406663	50.000000	48.115008
4.413330	50.000000	48.145665
4.419996	50.000000	48.268305
4.426663	50.000000	48.482923
4.433330	50.000000	48.758856
4.439996	50.000000	48.993913
4.446663	50.000000	49.126771
4.453330	50.000000	49.218750
4.459996	50.000000	49.249410
4.466663	50.000000	49.249410
4.473330	50.000000	49.249410
4.479996	50.000000	49.249410
4.486663	50.000000	49.249410
4.493330	50.000000	49.249410
4.499996	50.000000	49.249410
4.506663	50.000000	49.249410
4.513330	50.000000	49.249410
4.519996	50.000000	49.249410
4.526663	50.000000	49.249410
4.533329	50.000000	49.249410
4.539996	-50.000000	49.249410
4.546663	-50.000000	48.472702
4.553329	-50.000000	46.336755
4.559996	-50.000000	43.158384
4.566663	-50.000000	39.428145
4.573329	-50.000000	35.176690
4.579996	-50.000000	30.577763
4.586663	-50.000000	25.958393
4.593329	-50.000000	21.236827
4.599996	-50.000000	16.392623
4.606663	-50.000000	11.936773
4.613329	-50.000000	7.562682
4.619996	-50.000000	3.341888
4.626663	-50.000000	-1.543196
4.633329	-50.000000	-5.242778
4.639996	-50.000000	-8.727744
4.646663	-50.000000	-11.875454
4.653329	-50.000000	-14.808549
4.659996	-50.000000	-17.547466
4.666663	-50.000000	-19.969568
4.673329	-50.000000	-22.207713
4.679996	-50.000000	-24.292560
4.686663	-50.000000	-26.060592
4.693329	-50.000000	-27.695767
4.699996	-50.000000	-29.157203
4.706663	-50.000000	-30.404024
4.713329	-50.000000	-31.528208
4.719996	-50.000000	-32.611510
4.726663	-50.000000	-33.674373
4.733329	-50.000000	-34.737236
4.739996	-50.000000	-35.779659
4.746663	-50.000000	-36.770986
4.753329	-50.000000	-37.660109
4.759996	-50.000000	-38.385718
4.766663	-50.000000	-38.937590
4.773329	-50.000000	-39.499681
4.779996	-50.000000	-40.102653
4.786663	-50.000000	-40.674965
4.793329	-50.000000	-41.257495
4.799996	-50.000000	-41.829807
4.806663	-50.000000	-42.371458
4.813329	-50.000000	-42.892669
4.819996	-50.000000	-43.383220
4.826663	-50.000000	-43.843114
4.833329	-50.000000	-44.282568
4.839996	-50.000000	-44.711801
4.846663	-50.000000	-45.089934
4.853329	-50.000000	-45.447628
4.859996	-50.000000	-45.784882
4.866663	-50.000000	-46.091479
4.873329	-50.000000	-46.367415
4.879996	-50.000000	-46.633130
4.886662	-50.000000	-46.868188
4.893329	-50.000000	-47.082803
4.899996	-50.000000	-47.287199
4.906662	-50.000000	-47.460939
4.913329	-50.000000	-47.624454
4.919996	-50.000000	-47.767532
4.926662	-50.000000	-47.890172
4.933329	-50.000000	-48.012808
4.939996	-50.000000	-48.115008
4.946662	-50.000000	-48.206987
4.953329	-50.000000	-48.288744
4.959996	-50.000000	-48.370505
4.966662	-50.000000	-48.442041
4.973329	-50.000000	-48.513580
4.979996	-50.000000	-48.564680
4.986662	-50.000000	-48.605559
4.993329	-50.000000	-48.646438
4.999996	-50.000000	-48.666877
5.006662	-50.000000	-48.666877
5.013329	-50.000000	-48.666877
5.019996	-50.000000	-48.666877
5.026662	-50.000000	-48.666877
5.033329	-50.000000	-48.666877
5.039996	-50.000000	-48.666877
5.046662	50.000000	-48.666877
5.053329	50.000000	-47.900390
5.059996	50.000000	-45.815543
5.066662	50.000000	-42.892669
5.073329	50.000000	-39.264627
5.079996	50.000000	-35.105151
5.086662	50.000000	-30.731060
5.093329	50.000000	-26.060592
5.099996	50.000000	-21.165289
5.106662	50.000000	-16.402843
5.113329	50.000000	-11.701717
5.119996	50.000000	-7.092569
5.126662	50.000000	-2.800236
5.133329	50.000000	2.340343
5.139996	50.000000	6.295422
5.146662	50.000000	9.903025
5.153329	50.000000	13.296012
5.159996	50.000000	16.484602
5.166662	50.000000	19.335938
5.173329	50.000000	22.003316
5.179996	50.000000	24.496957
5.186662	50.000000	26.704441
5.193329	50.000000	28.748410
5.199996	50.000000	30.639081
5.206662	50.000000	32.294695
5.213329	50.000000	33.817452
5.219995	50.000000	35.207351
5.226662	50.000000	36.433732
5.233329	50.000000	37.547691
5.239995	50.000000	38.569675
5.246662	50.000000	39.458802
5.253329	50.000000	40.276389
5.259995	50.000000	41.022437
5.266662	50.000000	41.676506
5.273329	50.000000	42.269257
5.279995	50.000000	42.821130
5.286662	50.000000	43.301463
5.293329	50.000000	43.740917
5.299995	50.000000	44.139490
5.306662	50.000000	44.486965
5.313329	50.000000	44.803780
5.319995	50.000000	45.089934
5.326662	50.000000	45.335210
5.333329	50.000000	45.549828
5.339995	50.000000	45.744004
5.346662	50.000000	45.917743
5.353329	50.000000	46.173237
5.359995	50.000000	46.530934
5.366662	50.000000	46.939727
5.373329	50.000000	47.287199
5.379995	50.000000	47.552918
5.386662	50.000000	47.736872
5.393329	50.000000	47.879951
5.399995	50.000000	47.992369
5.406662	50.000000	48.063908
5.413329	50.000000	48.104787
5.419995	50.000000	48.145665
5.426662	50.000000	48.268305
5.433329	50.000000	48.482923
5.439995	50.000000	48.769077
5.446662	50.000000	48.983692
5.453329	50.000000	49.116553
5.459995	50.000000	49.198310
5.466662	50.000000	49.239189
5.473329	50.000000	49.239189
5.479995	50.000000	49.239189
5.486662	50.000000	49.239189
5.493329	50.000000	49.239189
5.499995	50.000000	49.239189
5.506662	50.000000	49.239189
5.513329	50.000000	49.239189
5.519995	50.000000	49.239189
5.526662	50.000000	49.239189
5.533329	50.000000	49.239189
5.539995	50.000000	49.239189
5.546662	-50.000000	49.239189
5.553329	-50.000000	48.431823
5.559995	-50.000000	46.234558
5.566662	-50.000000	43.148166
5.573328	-50.000000	39.356605
5.579995	-50.000000	35.043833
5.586662	-50.000000	30.567542
5.593328	-50.000000	25.897075
5.599995	-50.000000	21.083530
5.606662	-50.000000	16.453943
5.613328	-50.000000	11.885674
5.619995	-50.000000	7.450264
5.626662	-50.000000	3.372547
5.633328	-50.000000	-1.808912
5.639995	-50.000000	-5.559593
5.646662	-50.000000	-8.942360
5.653328	-50.000000	-12.110510
5.659995	-50.000000	-15.084485
5.666662	-50.000000	-17.731422
5.673328	-50.000000	-20.173964
5.679995	-50.000000	-22.422329
5.686662	-50.000000	-24.404978
5.693328	-50.000000	-26.213890
5.699995	-50.000000	-27.859285
5.706662	-50.000000	-29.269621
5.713328	-50.000000	-30.526663
5.719995	-50.000000	-31.650844
5.726662	-50.000000	-32.703489
5.733328	-50.000000	-33.766352
5.739995	-50.000000	-34.839436
5.746662	-50.000000	-35.851199
5.753328	-50.000000	-36.842525
5.759995	-50.000000	-37.752088
5.766662	-50.000000	-38.457257
5.773328	-50.000000	-39.029569
5.779995	-50.000000	-39.601881
5.786662	-50.000000	-40.174193
5.793328	-50.000000	-40.766944
5.799995	-50.000000	-41.349473
5.806662	-50.000000	-41.901346
5.813328	-50.000000	-42.442997
5.819995	-50.000000	-42.964209
5.826662	-50.000000	-43.444542
5.833328	-50.000000	-43.904432
5.839995	-50.000000	-44.354104
5.846662	-50.000000	-44.752680
5.853328	-50.000000	-45.130813
5.859995	-50.000000	-45.488510
5.866662	-50.000000	-45.805325
5.873328	-50.000000	-46.111918
5.879995	-50.000000	-46.398073
5.886662	-50.000000	-46.653570
5.893328	-50.000000	-46.888627
5.899995	-50.000000	-47.103242
5.906662	-50.000000	-47.297421
5.913328	-50.000000	-47.471157
5.919995	-50.000000	-47.634675
5.926661	-50.000000	-47.777754
5.933328	-50.000000	-47.900390
5.939995	-50.000000	-48.012808
5.946661	-50.000000	-48.115008
5.953328	-50.000000	-48.206987
5.959995	-50.000000	-48.298966
5.966661	-50.000000	-48.370505
5.973328	-50.000000	-48.431823
5.979995	-50.000000	-48.503362
5.986661	-50.000000	-48.554459
5.993328	-50.000000	-48.605559
5.999995	-50.000000	-48.656659
